time: 0
Waiting clients:
(1,16,2),(2,13,2),(3,16,4),(4,24,4),(5,33,3),(6,26,6),(7,3,3),(8,22,1),(9,13,7),(10,32,2),(11,24,6),(12,9,7),(13,16,4),(14,36,1),(15,33,3),(16,38,4),(17,39,2),(18,30,6),(19,12,6),(20,32,5),(21,26,4),(22,16,7),(23,11,3),(24,38,2),(25,13,1),(26,20,1),(27,29,5),(28,28,1),(29,13,1),(30,33,5),(31,28,4),(32,15,5),(33,34,4),(34,16,3),(35,8,2),(36,35,2),(37,4,1),(38,15,1),(39,16,2),(40,25,6),(41,23,3),(42,32,4),(43,5,7),(44,30,3),(45,40,7),(46,7,2),(47,15,7),(48,14,1),(49,19,2),(50,8,6),
Queue 1 closed
Queue 2 closed
Queue 3 closed
Queue 4 closed
Queue 5 closed

time: 1
Waiting clients:
(1,16,2),(2,13,2),(3,16,4),(4,24,4),(5,33,3),(6,26,6),(7,3,3),(8,22,1),(9,13,7),(10,32,2),(11,24,6),(12,9,7),(13,16,4),(14,36,1),(15,33,3),(16,38,4),(17,39,2),(18,30,6),(19,12,6),(20,32,5),(21,26,4),(22,16,7),(23,11,3),(24,38,2),(25,13,1),(26,20,1),(27,29,5),(28,28,1),(29,13,1),(30,33,5),(31,28,4),(32,15,5),(33,34,4),(34,16,3),(35,8,2),(36,35,2),(37,4,1),(38,15,1),(39,16,2),(40,25,6),(41,23,3),(42,32,4),(43,5,7),(44,30,3),(45,40,7),(46,7,2),(47,15,7),(48,14,1),(49,19,2),(50,8,6),
Queue 1 closed
Queue 2 closed
Queue 3 closed
Queue 4 closed
Queue 5 closed

time: 2
Waiting clients:
(1,16,2),(2,13,2),(3,16,4),(4,24,4),(5,33,3),(6,26,6),(7,3,3),(8,22,1),(9,13,7),(10,32,2),(11,24,6),(12,9,7),(13,16,4),(14,36,1),(15,33,3),(16,38,4),(17,39,2),(18,30,6),(19,12,6),(20,32,5),(21,26,4),(22,16,7),(23,11,3),(24,38,2),(25,13,1),(26,20,1),(27,29,5),(28,28,1),(29,13,1),(30,33,5),(31,28,4),(32,15,5),(33,34,4),(34,16,3),(35,8,2),(36,35,2),(37,4,1),(38,15,1),(39,16,2),(40,25,6),(41,23,3),(42,32,4),(43,5,7),(44,30,3),(45,40,7),(46,7,2),(47,15,7),(48,14,1),(49,19,2),(50,8,6),
Queue 1 closed
Queue 2 closed
Queue 3 closed
Queue 4 closed
Queue 5 closed

time: 3
Waiting clients:
(1,16,2),(2,13,2),(3,16,4),(4,24,4),(5,33,3),(6,26,6),(8,22,1),(9,13,7),(10,32,2),(11,24,6),(12,9,7),(13,16,4),(14,36,1),(15,33,3),(16,38,4),(17,39,2),(18,30,6),(19,12,6),(20,32,5),(21,26,4),(22,16,7),(23,11,3),(24,38,2),(25,13,1),(26,20,1),(27,29,5),(28,28,1),(29,13,1),(30,33,5),(31,28,4),(32,15,5),(33,34,4),(34,16,3),(35,8,2),(36,35,2),(37,4,1),(38,15,1),(39,16,2),(40,25,6),(41,23,3),(42,32,4),(43,5,7),(44,30,3),(45,40,7),(46,7,2),(47,15,7),(48,14,1),(49,19,2),(50,8,6),
Queue 1 (7,3,3)
Queue 2 closed
Queue 3 closed
Queue 4 closed
Queue 5 closed

time: 4
Waiting clients:
(1,16,2),(2,13,2),(3,16,4),(4,24,4),(5,33,3),(6,26,6),(8,22,1),(9,13,7),(10,32,2),(11,24,6),(12,9,7),(13,16,4),(14,36,1),(15,33,3),(16,38,4),(17,39,2),(18,30,6),(19,12,6),(20,32,5),(21,26,4),(22,16,7),(23,11,3),(24,38,2),(25,13,1),(26,20,1),(27,29,5),(28,28,1),(29,13,1),(30,33,5),(31,28,4),(32,15,5),(33,34,4),(34,16,3),(35,8,2),(36,35,2),(38,15,1),(39,16,2),(40,25,6),(41,23,3),(42,32,4),(43,5,7),(44,30,3),(45,40,7),(46,7,2),(47,15,7),(48,14,1),(49,19,2),(50,8,6),
Queue 1 (7,3,2)
Queue 2 (37,4,1)
Queue 3 closed
Queue 4 closed
Queue 5 closed

time: 5
Waiting clients:
(1,16,2),(2,13,2),(3,16,4),(4,24,4),(5,33,3),(6,26,6),(8,22,1),(9,13,7),(10,32,2),(11,24,6),(12,9,7),(13,16,4),(14,36,1),(15,33,3),(16,38,4),(17,39,2),(18,30,6),(19,12,6),(20,32,5),(21,26,4),(22,16,7),(23,11,3),(24,38,2),(25,13,1),(26,20,1),(27,29,5),(28,28,1),(29,13,1),(30,33,5),(31,28,4),(32,15,5),(33,34,4),(34,16,3),(35,8,2),(36,35,2),(38,15,1),(39,16,2),(40,25,6),(41,23,3),(42,32,4),(44,30,3),(45,40,7),(46,7,2),(47,15,7),(48,14,1),(49,19,2),(50,8,6),
Queue 1 (7,3,1)
Queue 2 (43,5,7)
Queue 3 closed
Queue 4 closed
Queue 5 closed

time: 6
Waiting clients:
(1,16,2),(2,13,2),(3,16,4),(4,24,4),(5,33,3),(6,26,6),(8,22,1),(9,13,7),(10,32,2),(11,24,6),(12,9,7),(13,16,4),(14,36,1),(15,33,3),(16,38,4),(17,39,2),(18,30,6),(19,12,6),(20,32,5),(21,26,4),(22,16,7),(23,11,3),(24,38,2),(25,13,1),(26,20,1),(27,29,5),(28,28,1),(29,13,1),(30,33,5),(31,28,4),(32,15,5),(33,34,4),(34,16,3),(35,8,2),(36,35,2),(38,15,1),(39,16,2),(40,25,6),(41,23,3),(42,32,4),(44,30,3),(45,40,7),(46,7,2),(47,15,7),(48,14,1),(49,19,2),(50,8,6),
Queue 1 closed
Queue 2 (43,5,6)
Queue 3 closed
Queue 4 closed
Queue 5 closed

time: 7
Waiting clients:
(1,16,2),(2,13,2),(3,16,4),(4,24,4),(5,33,3),(6,26,6),(8,22,1),(9,13,7),(10,32,2),(11,24,6),(12,9,7),(13,16,4),(14,36,1),(15,33,3),(16,38,4),(17,39,2),(18,30,6),(19,12,6),(20,32,5),(21,26,4),(22,16,7),(23,11,3),(24,38,2),(25,13,1),(26,20,1),(27,29,5),(28,28,1),(29,13,1),(30,33,5),(31,28,4),(32,15,5),(33,34,4),(34,16,3),(35,8,2),(36,35,2),(38,15,1),(39,16,2),(40,25,6),(41,23,3),(42,32,4),(44,30,3),(45,40,7),(47,15,7),(48,14,1),(49,19,2),(50,8,6),
Queue 1 (46,7,2)
Queue 2 (43,5,5)
Queue 3 closed
Queue 4 closed
Queue 5 closed

time: 8
Waiting clients:
(1,16,2),(2,13,2),(3,16,4),(4,24,4),(5,33,3),(6,26,6),(8,22,1),(9,13,7),(10,32,2),(11,24,6),(12,9,7),(13,16,4),(14,36,1),(15,33,3),(16,38,4),(17,39,2),(18,30,6),(19,12,6),(20,32,5),(21,26,4),(22,16,7),(23,11,3),(24,38,2),(25,13,1),(26,20,1),(27,29,5),(28,28,1),(29,13,1),(30,33,5),(31,28,4),(32,15,5),(33,34,4),(34,16,3),(36,35,2),(38,15,1),(39,16,2),(40,25,6),(41,23,3),(42,32,4),(44,30,3),(45,40,7),(47,15,7),(48,14,1),(49,19,2),
Queue 1 (46,7,1)
Queue 2 (43,5,4)
Queue 3 (35,8,2)
Queue 4 (50,8,6)
Queue 5 closed

time: 9
Waiting clients:
(1,16,2),(2,13,2),(3,16,4),(4,24,4),(5,33,3),(6,26,6),(8,22,1),(9,13,7),(10,32,2),(11,24,6),(13,16,4),(14,36,1),(15,33,3),(16,38,4),(17,39,2),(18,30,6),(19,12,6),(20,32,5),(21,26,4),(22,16,7),(23,11,3),(24,38,2),(25,13,1),(26,20,1),(27,29,5),(28,28,1),(29,13,1),(30,33,5),(31,28,4),(32,15,5),(33,34,4),(34,16,3),(36,35,2),(38,15,1),(39,16,2),(40,25,6),(41,23,3),(42,32,4),(44,30,3),(45,40,7),(47,15,7),(48,14,1),(49,19,2),
Queue 1 (12,9,7)
Queue 2 (43,5,3)
Queue 3 (35,8,1)
Queue 4 (50,8,5)
Queue 5 closed

time: 10
Waiting clients:
(1,16,2),(2,13,2),(3,16,4),(4,24,4),(5,33,3),(6,26,6),(8,22,1),(9,13,7),(10,32,2),(11,24,6),(13,16,4),(14,36,1),(15,33,3),(16,38,4),(17,39,2),(18,30,6),(19,12,6),(20,32,5),(21,26,4),(22,16,7),(23,11,3),(24,38,2),(25,13,1),(26,20,1),(27,29,5),(28,28,1),(29,13,1),(30,33,5),(31,28,4),(32,15,5),(33,34,4),(34,16,3),(36,35,2),(38,15,1),(39,16,2),(40,25,6),(41,23,3),(42,32,4),(44,30,3),(45,40,7),(47,15,7),(48,14,1),(49,19,2),
Queue 1 (12,9,6)
Queue 2 (43,5,2)
Queue 3 closed
Queue 4 (50,8,4)
Queue 5 closed

time: 11
Waiting clients:
(1,16,2),(2,13,2),(3,16,4),(4,24,4),(5,33,3),(6,26,6),(8,22,1),(9,13,7),(10,32,2),(11,24,6),(13,16,4),(14,36,1),(15,33,3),(16,38,4),(17,39,2),(18,30,6),(19,12,6),(20,32,5),(21,26,4),(22,16,7),(24,38,2),(25,13,1),(26,20,1),(27,29,5),(28,28,1),(29,13,1),(30,33,5),(31,28,4),(32,15,5),(33,34,4),(34,16,3),(36,35,2),(38,15,1),(39,16,2),(40,25,6),(41,23,3),(42,32,4),(44,30,3),(45,40,7),(47,15,7),(48,14,1),(49,19,2),
Queue 1 (12,9,5)
Queue 2 (43,5,1)
Queue 3 (23,11,3)
Queue 4 (50,8,3)
Queue 5 closed

time: 12
Waiting clients:
(1,16,2),(2,13,2),(3,16,4),(4,24,4),(5,33,3),(6,26,6),(8,22,1),(9,13,7),(10,32,2),(11,24,6),(13,16,4),(14,36,1),(15,33,3),(16,38,4),(17,39,2),(18,30,6),(20,32,5),(21,26,4),(22,16,7),(24,38,2),(25,13,1),(26,20,1),(27,29,5),(28,28,1),(29,13,1),(30,33,5),(31,28,4),(32,15,5),(33,34,4),(34,16,3),(36,35,2),(38,15,1),(39,16,2),(40,25,6),(41,23,3),(42,32,4),(44,30,3),(45,40,7),(47,15,7),(48,14,1),(49,19,2),
Queue 1 (12,9,4)
Queue 2 (19,12,6)
Queue 3 (23,11,2)
Queue 4 (50,8,2)
Queue 5 closed

time: 13
Waiting clients:
(1,16,2),(3,16,4),(4,24,4),(5,33,3),(6,26,6),(8,22,1),(10,32,2),(11,24,6),(13,16,4),(14,36,1),(15,33,3),(16,38,4),(17,39,2),(18,30,6),(20,32,5),(21,26,4),(22,16,7),(24,38,2),(26,20,1),(27,29,5),(28,28,1),(30,33,5),(31,28,4),(32,15,5),(33,34,4),(34,16,3),(36,35,2),(38,15,1),(39,16,2),(40,25,6),(41,23,3),(42,32,4),(44,30,3),(45,40,7),(47,15,7),(48,14,1),(49,19,2),
Queue 1 (12,9,3)
Queue 2 (19,12,5)
Queue 3 (23,11,1)(9,13,7)
Queue 4 (50,8,1)(25,13,1)(29,13,1)
Queue 5 (2,13,2)

time: 14
Waiting clients:
(1,16,2),(3,16,4),(4,24,4),(5,33,3),(6,26,6),(8,22,1),(10,32,2),(11,24,6),(13,16,4),(14,36,1),(15,33,3),(16,38,4),(17,39,2),(18,30,6),(20,32,5),(21,26,4),(22,16,7),(24,38,2),(26,20,1),(27,29,5),(28,28,1),(30,33,5),(31,28,4),(32,15,5),(33,34,4),(34,16,3),(36,35,2),(38,15,1),(39,16,2),(40,25,6),(41,23,3),(42,32,4),(44,30,3),(45,40,7),(47,15,7),(49,19,2),
Queue 1 (12,9,2)
Queue 2 (19,12,4)
Queue 3 (9,13,7)
Queue 4 (25,13,1)(29,13,1)
Queue 5 (2,13,1)(48,14,1)

time: 15
Waiting clients:
(1,16,2),(3,16,4),(4,24,4),(5,33,3),(6,26,6),(8,22,1),(10,32,2),(11,24,6),(13,16,4),(14,36,1),(15,33,3),(16,38,4),(17,39,2),(18,30,6),(20,32,5),(21,26,4),(22,16,7),(24,38,2),(26,20,1),(27,29,5),(28,28,1),(30,33,5),(31,28,4),(33,34,4),(34,16,3),(36,35,2),(39,16,2),(40,25,6),(41,23,3),(42,32,4),(44,30,3),(45,40,7),(49,19,2),
Queue 1 (12,9,1)(32,15,5)
Queue 2 (19,12,3)
Queue 3 (9,13,6)
Queue 4 (29,13,1)(38,15,1)
Queue 5 (48,14,1)(47,15,7)

time: 16
Waiting clients:
(4,24,4),(5,33,3),(6,26,6),(8,22,1),(10,32,2),(11,24,6),(14,36,1),(15,33,3),(16,38,4),(17,39,2),(18,30,6),(20,32,5),(21,26,4),(24,38,2),(26,20,1),(27,29,5),(28,28,1),(30,33,5),(31,28,4),(33,34,4),(36,35,2),(40,25,6),(41,23,3),(42,32,4),(44,30,3),(45,40,7),(49,19,2),
Queue 1 (32,15,5)(22,16,7)
Queue 2 (19,12,2)(3,16,4)(39,16,2)
Queue 3 (9,13,5)(34,16,3)
Queue 4 (38,15,1)(1,16,2)(13,16,4)
Queue 5 (47,15,7)

time: 17
Waiting clients:
(4,24,4),(5,33,3),(6,26,6),(8,22,1),(10,32,2),(11,24,6),(14,36,1),(15,33,3),(16,38,4),(17,39,2),(18,30,6),(20,32,5),(21,26,4),(24,38,2),(26,20,1),(27,29,5),(28,28,1),(30,33,5),(31,28,4),(33,34,4),(36,35,2),(40,25,6),(41,23,3),(42,32,4),(44,30,3),(45,40,7),(49,19,2),
Queue 1 (32,15,4)(22,16,7)
Queue 2 (19,12,1)(3,16,4)(39,16,2)
Queue 3 (9,13,4)(34,16,3)
Queue 4 (1,16,2)(13,16,4)
Queue 5 (47,15,6)

time: 18
Waiting clients:
(4,24,4),(5,33,3),(6,26,6),(8,22,1),(10,32,2),(11,24,6),(14,36,1),(15,33,3),(16,38,4),(17,39,2),(18,30,6),(20,32,5),(21,26,4),(24,38,2),(26,20,1),(27,29,5),(28,28,1),(30,33,5),(31,28,4),(33,34,4),(36,35,2),(40,25,6),(41,23,3),(42,32,4),(44,30,3),(45,40,7),(49,19,2),
Queue 1 (32,15,3)(22,16,7)
Queue 2 (3,16,4)(39,16,2)
Queue 3 (9,13,3)(34,16,3)
Queue 4 (1,16,1)(13,16,4)
Queue 5 (47,15,5)

time: 19
Waiting clients:
(4,24,4),(5,33,3),(6,26,6),(8,22,1),(10,32,2),(11,24,6),(14,36,1),(15,33,3),(16,38,4),(17,39,2),(18,30,6),(20,32,5),(21,26,4),(24,38,2),(26,20,1),(27,29,5),(28,28,1),(30,33,5),(31,28,4),(33,34,4),(36,35,2),(40,25,6),(41,23,3),(42,32,4),(44,30,3),(45,40,7),
Queue 1 (32,15,2)(22,16,7)
Queue 2 (3,16,3)(39,16,2)
Queue 3 (9,13,2)(34,16,3)
Queue 4 (13,16,4)(49,19,2)
Queue 5 (47,15,4)

time: 20
Waiting clients:
(4,24,4),(5,33,3),(6,26,6),(8,22,1),(10,32,2),(11,24,6),(14,36,1),(15,33,3),(16,38,4),(17,39,2),(18,30,6),(20,32,5),(21,26,4),(24,38,2),(27,29,5),(28,28,1),(30,33,5),(31,28,4),(33,34,4),(36,35,2),(40,25,6),(41,23,3),(42,32,4),(44,30,3),(45,40,7),
Queue 1 (32,15,1)(22,16,7)
Queue 2 (3,16,2)(39,16,2)
Queue 3 (9,13,1)(34,16,3)
Queue 4 (13,16,3)(49,19,2)
Queue 5 (47,15,3)(26,20,1)

time: 21
Waiting clients:
(4,24,4),(5,33,3),(6,26,6),(8,22,1),(10,32,2),(11,24,6),(14,36,1),(15,33,3),(16,38,4),(17,39,2),(18,30,6),(20,32,5),(21,26,4),(24,38,2),(27,29,5),(28,28,1),(30,33,5),(31,28,4),(33,34,4),(36,35,2),(40,25,6),(41,23,3),(42,32,4),(44,30,3),(45,40,7),
Queue 1 (22,16,7)
Queue 2 (3,16,1)(39,16,2)
Queue 3 (34,16,3)
Queue 4 (13,16,2)(49,19,2)
Queue 5 (47,15,2)(26,20,1)

time: 22
Waiting clients:
(4,24,4),(5,33,3),(6,26,6),(10,32,2),(11,24,6),(14,36,1),(15,33,3),(16,38,4),(17,39,2),(18,30,6),(20,32,5),(21,26,4),(24,38,2),(27,29,5),(28,28,1),(30,33,5),(31,28,4),(33,34,4),(36,35,2),(40,25,6),(41,23,3),(42,32,4),(44,30,3),(45,40,7),
Queue 1 (22,16,6)
Queue 2 (39,16,2)(8,22,1)
Queue 3 (34,16,2)
Queue 4 (13,16,1)(49,19,2)
Queue 5 (47,15,1)(26,20,1)

time: 23
Waiting clients:
(4,24,4),(5,33,3),(6,26,6),(10,32,2),(11,24,6),(14,36,1),(15,33,3),(16,38,4),(17,39,2),(18,30,6),(20,32,5),(21,26,4),(24,38,2),(27,29,5),(28,28,1),(30,33,5),(31,28,4),(33,34,4),(36,35,2),(40,25,6),(42,32,4),(44,30,3),(45,40,7),
Queue 1 (22,16,5)
Queue 2 (39,16,1)(8,22,1)
Queue 3 (34,16,1)(41,23,3)
Queue 4 (49,19,2)
Queue 5 (26,20,1)

time: 24
Waiting clients:
(5,33,3),(6,26,6),(10,32,2),(14,36,1),(15,33,3),(16,38,4),(17,39,2),(18,30,6),(20,32,5),(21,26,4),(24,38,2),(27,29,5),(28,28,1),(30,33,5),(31,28,4),(33,34,4),(36,35,2),(40,25,6),(42,32,4),(44,30,3),(45,40,7),
Queue 1 (22,16,4)
Queue 2 (8,22,1)(11,24,6)
Queue 3 (41,23,3)
Queue 4 (49,19,1)
Queue 5 (4,24,4)

time: 25
Waiting clients:
(5,33,3),(6,26,6),(10,32,2),(14,36,1),(15,33,3),(16,38,4),(17,39,2),(18,30,6),(20,32,5),(21,26,4),(24,38,2),(27,29,5),(28,28,1),(30,33,5),(31,28,4),(33,34,4),(36,35,2),(42,32,4),(44,30,3),(45,40,7),
Queue 1 (22,16,3)
Queue 2 (11,24,6)
Queue 3 (41,23,2)
Queue 4 (40,25,6)
Queue 5 (4,24,3)

time: 26
Waiting clients:
(5,33,3),(10,32,2),(14,36,1),(15,33,3),(16,38,4),(17,39,2),(18,30,6),(20,32,5),(24,38,2),(27,29,5),(28,28,1),(30,33,5),(31,28,4),(33,34,4),(36,35,2),(42,32,4),(44,30,3),(45,40,7),
Queue 1 (22,16,2)(21,26,4)
Queue 2 (11,24,5)
Queue 3 (41,23,1)(6,26,6)
Queue 4 (40,25,5)
Queue 5 (4,24,2)

time: 27
Waiting clients:
(5,33,3),(10,32,2),(14,36,1),(15,33,3),(16,38,4),(17,39,2),(18,30,6),(20,32,5),(24,38,2),(27,29,5),(28,28,1),(30,33,5),(31,28,4),(33,34,4),(36,35,2),(42,32,4),(44,30,3),(45,40,7),
Queue 1 (22,16,1)(21,26,4)
Queue 2 (11,24,4)
Queue 3 (6,26,6)
Queue 4 (40,25,4)
Queue 5 (4,24,1)

time: 28
Waiting clients:
(5,33,3),(10,32,2),(14,36,1),(15,33,3),(16,38,4),(17,39,2),(18,30,6),(20,32,5),(24,38,2),(27,29,5),(30,33,5),(33,34,4),(36,35,2),(42,32,4),(44,30,3),(45,40,7),
Queue 1 (21,26,4)
Queue 2 (11,24,3)
Queue 3 (6,26,5)
Queue 4 (40,25,3)
Queue 5 (28,28,1)(31,28,4)

time: 29
Waiting clients:
(5,33,3),(10,32,2),(14,36,1),(15,33,3),(16,38,4),(17,39,2),(18,30,6),(20,32,5),(24,38,2),(30,33,5),(33,34,4),(36,35,2),(42,32,4),(44,30,3),(45,40,7),
Queue 1 (21,26,3)
Queue 2 (11,24,2)(27,29,5)
Queue 3 (6,26,4)
Queue 4 (40,25,2)
Queue 5 (31,28,4)

time: 30
Waiting clients:
(5,33,3),(10,32,2),(14,36,1),(15,33,3),(16,38,4),(17,39,2),(20,32,5),(24,38,2),(30,33,5),(33,34,4),(36,35,2),(42,32,4),(45,40,7),
Queue 1 (21,26,2)(44,30,3)
Queue 2 (11,24,1)(27,29,5)
Queue 3 (6,26,3)
Queue 4 (40,25,1)(18,30,6)
Queue 5 (31,28,3)

time: 31
Waiting clients:
(5,33,3),(10,32,2),(14,36,1),(15,33,3),(16,38,4),(17,39,2),(20,32,5),(24,38,2),(30,33,5),(33,34,4),(36,35,2),(42,32,4),(45,40,7),
Queue 1 (21,26,1)(44,30,3)
Queue 2 (27,29,5)
Queue 3 (6,26,2)
Queue 4 (18,30,6)
Queue 5 (31,28,2)

time: 32
Waiting clients:
(5,33,3),(14,36,1),(15,33,3),(16,38,4),(17,39,2),(24,38,2),(30,33,5),(33,34,4),(36,35,2),(45,40,7),
Queue 1 (44,30,3)(42,32,4)
Queue 2 (27,29,4)
Queue 3 (6,26,1)(10,32,2)
Queue 4 (18,30,5)
Queue 5 (31,28,1)(20,32,5)

time: 33
Waiting clients:
(14,36,1),(16,38,4),(17,39,2),(24,38,2),(33,34,4),(36,35,2),(45,40,7),
Queue 1 (44,30,2)(42,32,4)
Queue 2 (27,29,3)(15,33,3)
Queue 3 (10,32,2)(5,33,3)
Queue 4 (18,30,4)(30,33,5)
Queue 5 (20,32,5)

time: 34
Waiting clients:
(14,36,1),(16,38,4),(17,39,2),(24,38,2),(36,35,2),(45,40,7),
Queue 1 (44,30,1)(42,32,4)
Queue 2 (27,29,2)(15,33,3)
Queue 3 (10,32,1)(5,33,3)(33,34,4)
Queue 4 (18,30,3)(30,33,5)
Queue 5 (20,32,4)

time: 35
Waiting clients:
(14,36,1),(16,38,4),(17,39,2),(24,38,2),(45,40,7),
Queue 1 (42,32,4)
Queue 2 (27,29,1)(15,33,3)
Queue 3 (5,33,3)(33,34,4)
Queue 4 (18,30,2)(30,33,5)
Queue 5 (20,32,3)(36,35,2)

time: 36
Waiting clients:
(16,38,4),(17,39,2),(24,38,2),(45,40,7),
Queue 1 (42,32,3)(14,36,1)
Queue 2 (15,33,3)
Queue 3 (5,33,2)(33,34,4)
Queue 4 (18,30,1)(30,33,5)
Queue 5 (20,32,2)(36,35,2)

time: 37
Waiting clients:
(16,38,4),(17,39,2),(24,38,2),(45,40,7),
Queue 1 (42,32,2)(14,36,1)
Queue 2 (15,33,2)
Queue 3 (5,33,1)(33,34,4)
Queue 4 (30,33,5)
Queue 5 (20,32,1)(36,35,2)

time: 38
Waiting clients:
(17,39,2),(45,40,7),
Queue 1 (42,32,1)(14,36,1)(24,38,2)
Queue 2 (15,33,1)(16,38,4)
Queue 3 (33,34,4)
Queue 4 (30,33,4)
Queue 5 (36,35,2)

time: 39
Waiting clients:
(45,40,7),
Queue 1 (14,36,1)(24,38,2)
Queue 2 (16,38,4)
Queue 3 (33,34,3)
Queue 4 (30,33,3)
Queue 5 (36,35,1)(17,39,2)

time: 40
Waiting clients:

Queue 1 (24,38,2)(45,40,7)
Queue 2 (16,38,3)
Queue 3 (33,34,2)
Queue 4 (30,33,2)
Queue 5 (17,39,2)

time: 41
Waiting clients:

Queue 1 (24,38,1)(45,40,7)
Queue 2 (16,38,2)
Queue 3 (33,34,1)
Queue 4 (30,33,1)
Queue 5 (17,39,1)

time: 42
Waiting clients:

Queue 1 (45,40,7)
Queue 2 (16,38,1)
Queue 3 closed
Queue 4 closed
Queue 5 closed

time: 43
Waiting clients:

Queue 1 (45,40,6)
Queue 2 closed
Queue 3 closed
Queue 4 closed
Queue 5 closed

time: 44
Waiting clients:

Queue 1 (45,40,5)
Queue 2 closed
Queue 3 closed
Queue 4 closed
Queue 5 closed

time: 45
Waiting clients:

Queue 1 (45,40,4)
Queue 2 closed
Queue 3 closed
Queue 4 closed
Queue 5 closed

time: 46
Waiting clients:

Queue 1 (45,40,3)
Queue 2 closed
Queue 3 closed
Queue 4 closed
Queue 5 closed

time: 47
Waiting clients:

Queue 1 (45,40,2)
Queue 2 closed
Queue 3 closed
Queue 4 closed
Queue 5 closed

time: 48
Waiting clients:

Queue 1 (45,40,1)
Queue 2 closed
Queue 3 closed
Queue 4 closed
Queue 5 closed

Average wainting time: 5.2
